3.273
4.887
4.156
3.818
4.950
5.075
4.031
4.170
4.027
3.269
4.141
4.255
5.036
4.747
4.751
5.073
5.142
5.081
5.090
3.335
5.086
4.548
3.938
4.352
5.146
4.631
4.143
5.027
5.123
5.028
5.076
3.564
4.846
4.653
4.183
5.122
5.015
5.162
3.379
5.030
4.233
4.929
3.867
5.058
4.000
4.277
3.995
5.154
5.074
4.141
4.829
3.205
3.918
4.113
5.049
5.054
3.213
4.922
5.094
4.997
5.039
4.107
5.028
5.224
4.726
5.165
5.103
4.464
5.063
5.174
4.962
4.276
5.108
5.022
4.887
3.670
3.394
4.073
5.183
4.134
3.478
4.978
5.090
4.473
5.103
5.060
4.018
5.036
4.209
5.002
5.087
5.087
3.641
4.098
5.131
5.086
5.038
4.994
5.098
4.932
