5.387
6.867
6.832
5.057
6.909
5.106
5.974
5.946
6.905
6.003
6.959
6.776
6.812
6.764
6.829
6.734
6.895
6.884
6.321
6.754
6.826
6.062
6.867
6.795
6.780
6.083
6.834
6.872
6.823
6.761
6.904
6.903
6.888
6.019
6.750
4.953
6.832
6.022
6.139
6.816
6.840
5.975
6.811
6.811
6.877
6.881
5.255
6.930
6.790
6.790
6.893
5.494
6.021
6.879
6.864
5.087
6.364
6.778
6.963
7.294
5.064
6.135
6.042
6.859
5.633
6.860
6.079
6.868
5.146
6.822
6.927
5.312
6.917
6.883
6.852
6.893
6.111
6.802
5.971
6.798
6.859
6.813
6.818
6.893
6.104
6.886
6.005
6.891
6.845
6.876
5.329
6.033
6.072
6.931
6.127
6.759
5.244
5.171
6.809
7.029
